kinematics:
  shoulder:
    x: 0
    y: 0
    z: 0.1810949508145422
    roll: -0
    pitch: 0
    yaw: 1.04467405847436e-07
  upper_arm:
    x: -1.667670915671104e-05
    y: 0
    z: 0
    roll: 1.570008587286171
    pitch: 0
    yaw: 1.084247024621907e-06
  forearm:
    x: -0.6125194958024353
    y: 0
    z: 0
    roll: 3.140726981885666
    pitch: 3.139773859813499
    yaw: -3.141591402263981
  wrist_1:
    x: -0.5713063516014969
    y: 0.0002174025561789876
    z: 0.1745231697557756
    roll: 3.140346959714123
    pitch: -3.140676599624208
    yaw: -3.141591552956058
  wrist_2:
    x: -2.395400169738637e-05
    y: -0.1197882240806239
    z: 7.437783754783398e-05
    roll: 1.570175415778306
    pitch: 0
    yaw: -3.134637690006825e-07
  wrist_3:
    x: 8.408154851895589e-05
    y: 0.1156939974082344
    z: 1.457098938162985e-05
    roll: 1.570922271006619
    pitch: 3.141592653589793
    yaw: 3.141592566737737
  hash: calib_3437785250745286433